b1
[1. 0. 0.]
b2
[1. 1. 0.]
a1
[0.5   0.866 0.   ]
a2
[-0.25   1.299  0.5  ]
[[ 0.25   2.165  0.5  ]
 [-0.25   1.299  0.5  ]
 [ 0.     0.     0.   ]]
U
[[-0.85065042 -0.52573174  0.        ]
 [-0.52573174  0.85065042  0.        ]
 [ 0.          0.          1.        ]]
S
[[2.61796257 0.         0.        ]
 [0.         0.38196593 0.        ]
 [0.         0.         0.        ]]
V
[[-0.03102782 -0.90085402  0.43301191]
 [-0.96433147 -0.08695621 -0.25000688]
 [-0.26287277  0.42532418  0.86602382]]
R
[[ 5.00001375e-01 -7.49999542e-01  4.33011908e-01]
 [ 8.66024610e-01  4.33010320e-01 -2.50006875e-01]
 [ 6.41693305e-06  5.00002750e-01  8.66023816e-01]]
Determinant R:
0.9999999999999991
S
[[1. 0. 0.]
 [0. 1. 0.]
 [0. 0. 1.]]
Determinant R:
0.9999999999999991
a1
[0.5   0.866 0.   ]
R@b_1
[5.00001375e-01 8.66024610e-01 6.41693305e-06]
a2
[-0.25   1.299  0.5  ]
R@b_2
[-0.24999817  1.29903493  0.50000917]
